% As described by K. Deb and A. Sinha and S. Kukkonen in "Multi-objective
% test problems, linkages, and evolutionary methodologies", GECCO'06}:·
% Proceedings of the 8th Annual Conference on Genetic and Evolutionary·
% Computation, 1141-1148, 2006.
%
% Example T4, with linkage L3.
%
% This file is part of a collection of problems developed for
% derivative-free multiobjective optimization in
% A. L. Custódio, J. F. A. Madeira, A. I. F. Vaz, and L. N. Vicente,
% Direct Multisearch for Multiobjective Optimization, 2010
% written in matlab.
%
% Written by the authors in June 1, 2019.
%
% x var : n = 30
% x <= 1.0
% x >= 0.0
%
function [F] = L3ZDT4(x);
    % params
    m = 30;

    M = [ 0.218418    -0.620254    0.843784    0.914311   -0.788548    0.428212    0.103064   -0.47373     -0.300792   -0.185507    0.330423     0.151614    0.884043   -0.272951  -0.993822    0.511197   -0.0997948  -0.659756     0.575496    0.675617    0.180332  -0.593814   -0.492722    0.0646786   -0.666503   -0.945716   -0.334582    0.611894    0.281032     0.508749;
         -0.0265389   -0.920133    0.308861   -0.0437502  -0.374203    0.207359   -0.219433    0.914104     0.184408    0.520599   -0.88565     -0.375906   -0.708948   -0.37902    0.576578    0.0194674  -0.470262    0.572576     0.351245   -0.480477    0.238261  -0.1596     -0.827302    0.669248     0.494475    0.691715   -0.198585    0.0492812   0.959669     0.884086;
         -0.218632    -0.865161   -0.715997    0.220772    0.692356    0.646453   -0.401724    0.615443    -0.0601957  -0.748176   -0.207987    -0.865931    0.613732   -0.525712  -0.995728    0.389633   -0.064173    0.662131    -0.707048   -0.340423    0.60624    0.0951648  -0.160446   -0.394585    -0.167581    0.0679849   0.449799    0.733505   -0.00918638   0.00446808;
          0.404396     0.449996    0.162711    0.294454   -0.563345   -0.114993    0.549589   -0.775141     0.677726    0.610715    0.0850755    0.0419388  -0.323614   -0.973719  -0.680238   -0.270873   -0.209617    0.968436     0.908798    0.975851   -0.994918  -0.0621977   0.628171    0.761228     0.34372    -0.792042   -0.144765   -0.965748    0.0133606   -0.0260565;
         -0.742377     0.426391    0.408202    0.633885   -0.0351053  -0.723444   -0.577654    0.0276004    0.0712472  -0.622791    0.155451     0.442717   -0.792786    0.925785   0.670266   -0.865566   -0.638281    0.333094     0.477628    0.47261     0.23151    0.82132    -0.589803    0.796275     0.57713     0.101149    0.970191    0.532821    0.814769    -0.0687269;
          0.712758    -0.191812   -0.390938    0.952828    0.921519    0.923094    0.93011    -0.945394    -0.0934027   0.964123   -0.795609    -0.289563    0.614236   -0.670585   0.466877    0.144597   -0.206416    0.6937      -0.967958   -0.0951247  -0.942473  -0.610767   -0.655472   -0.0960986   -0.302779   -0.734976   -0.342188   -0.315861   -0.912834     0.24499;
          0.0969326    0.089775   -0.241157    0.0835558  -0.420236   -0.686633   -0.711276   -0.00325377   0.435196   -0.710002    0.00283691  -0.168757   -0.134045   -0.655235   0.172361    0.998291    0.376291   -0.962215    -0.363174   -0.88777    -0.519929  -0.560554   -0.984415    0.601529    -0.984103   -0.228237   -0.578066    0.307023    0.606123     0.959635;
          0.00225943   0.0101814   0.441456    0.0633629   0.406631   -0.0100638  -0.177972   -0.491075     0.537035   -0.924987   -0.699424     0.742285    0.0181443   0.718971  -0.0308272   0.086931    0.524476    0.956457     0.143024    0.616481    0.217909  -0.128427   -0.262427   -0.938208    -0.52479     0.12919     0.721925    0.766492    0.470845    -0.0976466;
          0.507807     0.804148    0.963269    0.357128   -0.832565   -0.312441    0.327779    0.184745     0.246139   -0.936814   -0.931734    -0.0327827   0.319293    0.044473  -0.641645    0.596118   -0.293934   -0.63373      0.409658    0.759892   -0.257078   0.939616   -0.227661    0.115754     0.10964    -0.240557    0.66842     0.855535   -0.451536     0.264961;
         -0.61366     -0.204783   -0.842476   -0.249524   -0.0985226   0.0671501  -0.527707   -0.509489    -0.883254    0.14851    -0.906465     0.496238   -0.853211   -0.779234  -0.979515    0.827175    0.228969   -0.402829    -0.970118    0.762559    0.506495   0.460303    0.897304    0.686003     0.739986    0.15731     0.281697   -0.922955   -0.780824     0.449716;
          0.125225     0.487649    0.147046    0.679639    0.593707   -0.311828   -0.797099   -0.35815      0.95808     0.907244    0.772426     0.720574   -0.873217    0.371431  -0.826029    0.942716    0.70609    -0.658158    -0.782185   -0.806743   -0.627986  -0.405551   -0.258495   -0.796524     0.222498    0.087545   -0.0917108  -0.62542    -0.110256     0.0417576;
          0.24476      0.941339   -0.613783    0.402772    0.300775   -0.820314   -0.894233   -0.405896     0.0735439   0.486645   -0.394355     0.125097   -0.316386   -0.701215  -0.845742    0.2065     -0.413743    0.406725    -0.423813   -0.941255   -0.558804   0.312326    0.345314    0.319143    -0.644653   -0.0408415   0.176461    0.740113    0.470737    -0.914927;
         -0.591523    -0.606614   -0.181873    0.692975    0.50208    -0.536704    0.359652    0.839082     0.56817    -0.0776788  -0.00332785   0.459538   -0.518313   -0.270738  -0.629958   -0.755084   -0.721573    0.431107    -0.221877    0.32543     0.163743   0.0759916   0.695064   -0.656856     0.074163    0.264319   -0.73174     0.731548   -0.489341     0.678946;
          0.0271269    0.804879   -0.402973    0.800373    0.760082   -0.878364    0.176801   -0.548932    -0.225601   -0.164912   -0.208143     0.7768     -0.542743   -0.156021   0.671736    0.878648   -0.419588   -0.0752896    0.0299447  -0.494459   -0.72415    0.35978    -0.32646    -0.96605      0.0127605   0.563174   -0.814853   -0.949609   -0.526794    -0.801902;
         -0.753397     0.617418    0.689874    0.983384    0.668786    0.0304653  -0.625221   -0.13318      0.827343   -0.101358   -0.999522    -0.0525574  -0.458319    0.587409  -0.334639    0.0759643   0.0255827   0.128944     0.17317    -0.284309    0.287161  -0.550725   -0.433083   -0.242821     0.878879    0.691699   -0.660499    0.389985    0.599856    -0.711442;
         -0.798697    -0.244945   -0.942649    0.402856   -0.494672    0.439941   -0.88216     0.170196     0.650734   -0.0982391  -0.468732     0.342133   -0.838071   -0.832362   0.658177   -0.565361    0.149473    0.69331     -0.491848    0.74916     0.526025  -0.155339    0.0998096   0.468761     0.324649    0.128488    0.544144   -0.495222    0.965229    -0.79314;
         -0.545421    -0.500243    0.154371    0.170017   -0.259108   -0.868862   -0.50731    -0.848317     0.835712    0.616391   -0.442608    -0.158       0.313451    0.703748  -0.755984   -0.249443    0.491564    0.985068     0.678644    0.808324    0.81975   -0.435823   -0.839855    0.00282368  -0.569165    0.0884339  -0.222144    0.499412   -0.565198     0.64824;
          0.956914    -0.0620912   0.634479    0.928617    0.464664    0.377022    0.63047    -0.198619    -0.576153    0.565373   -0.524245    -0.187299   -0.614524    0.429316  -0.491171    0.399495   -0.333898   -0.646636    -0.0189709  -0.339605   -0.798791   0.0494081   0.367012    0.852545     0.43557     0.150039   -0.0454542   0.604861   -0.598288    -0.500696;
          0.249008     0.370711   -0.633174   -0.0121906   0.42006     0.169373   -0.975542   -0.0297852    0.80481     0.638317   -0.670967     0.935792   -0.35605     0.175773   0.878601   -0.275168   -0.932517   -0.372497    -0.0732907  -0.185493   -0.357004   0.314786   -0.229239    0.530256    -0.51327     0.44187     0.940309   -0.240334   -0.0276121    0.74383;
